Runtime(s): 397.5312020778656
Peak Mem(MB): 1082.45703125
Test Accuracy: 40.19370460048426
Epsilon: 4.005350876511081
Utility: 0.09965119951801665