Runtime(s): 249.881272315979
Peak Mem(MB): 341.14453125
Test Accuracy: 25.597269624573375
Epsilon: 2.6185334332513763
Utility: 0.10229737279235378