Runtime(s): 158.2926001548767
Peak Mem(MB): 1451.6875
Test Accuracy: 75.04273504273505
Epsilon: 1.627198305664435
Utility: 0.021683622068649076