Runtime(s): 538.6092126369476
Peak Mem(MB): 829.671875
Test Accuracy: 94.7008547008547
Epsilon: 1.2793249597092586
Utility: 0.01350911735