Runtime(s): 538.6092126369476
Peak Mem(MB): 829.671875
Test Accuracy: 94.7008547008547
Epsilon: 0.37203569066701725
Utility: 0.39285357227473844