Runtime(s): 7713.599723339081
Peak Mem(MB): 8274.5546875
Test Accuracy: 0.9470085501670837
Epsilon: 1.2793249597092586
Utility: 1.3509117309273957