Runtime(s): 7713.599723339081
Peak Mem(MB): 8274.5546875
Test Accuracy: 94.70085501670837
Epsilon: 1.2793249597092586
Utility: 0.013509117309273956