Runtime(s): 251.84615182876587
Peak Mem(MB): 5118.1328125
Test Accuracy: 85.8119658119658
Epsilon: 1.2793249597092586
Utility: 0.014908468155974429