Runtime(s): 267.57230043411255
Peak Mem(MB): 6028.98828125
Test Accuracy: 86.66666666666667
Epsilon: 1.2793249597092586
Utility: 0.014761441842799138