Runtime(s): 411.2934708595276
Peak Mem(MB): 1853.4453125
Test Accuracy: 38.619854721549636
Epsilon: 2.105405642575954
Utility: 0.054516146105571726