Runtime(s): 325.69799184799194
Peak Mem(MB): 914.5234375
Test Accuracy: 40.19370460048426
Epsilon: 4.005350876511081
Utility: 0.09965119951801665