Runtime(s): 1857.7793407440186
Peak Mem(MB): 1175.34765625
Test Accuracy: 48.54721549636804
Epsilon: 0.4790411276341654
Utility: 0.9867530459496773