Runtime(s): 1857.7793407440186
Peak Mem(MB): 1175.34765625
Test Accuracy: 48.54721549636804
Epsilon: 1.6449086053139723
Utility: 0.03388265605 