Runtime(s): 2169.327261686325
Peak Mem(MB): 1314.78125
Test Accuracy: 43.76278118609407
Epsilon: 0.4344291681766027
Utility: 0.9926909497119567