Runtime(s): 23459.77702522278
Peak Mem(MB): 9190.921875
Test Accuracy: 43.09927225112915
Epsilon: 0.8997482936658461
Utility: 2.0876182976437003