Runtime(s): 11474.880692720413
Peak Mem(MB): 7955.203125
Test Accuracy: 36.92494034767151
Epsilon: 1.6449086053139723
Utility: 0.044547359855591495