Runtime(s): 380.26026463508606
Peak Mem(MB): 6129.375
Test Accuracy: 28.220858895705522
Epsilon: 1.493057135321766
Utility: 0.052906155012488666