Runtime(s): 290.61544156074524
Peak Mem(MB): 5233.69921875
Test Accuracy: 29.661016949152543
Epsilon: 1.6449086053139519
Utility: 0.055456918693441805